procs -----------memory---------- ---swap-- -----io---- -system-- -------cpu-------
 r  b   swpd   free   buff  cache   si   so    bi    bo   in   cs us sy id wa st gu
 1  0      0 1947200 102480 1593992    0    0   165   834  541    1  2  1 96  0  0  0
 0  0      0 1946696 102480 1593992    0    0     0     0  628 1243  2  1 97  0  0  0
 0  0      0 1946696 102480 1593992    0    0     0     0  166  296  0  0 100  0  0  0
 0  0      0 1946696 102480 1593992    0    0     0     0   64  100  0  0 100  0  0  0
 0  0      0 1946696 102488 1593992    0    0     0     6   77  114  0  0 100  0  0  0
 0  0      0 1946696 102488 1593992    0    0     0     0   91  137  0  0 100  0  0  0
 1  0      0 1946696 102488 1593996    0    0     0     0  682 1305  2  1 97  0  0  0
 0  0      0 1946696 102496 1594048    0    0     0     6  152  278  0  0 100  0  0  0


Every 2.0s: free -h                              1b8781cef586: Mon Nov 24 23:29:10 2025

               total        used        free      shared  buff/cache   available
Mem:           3.8Gi       694Mi       1.7Gi       1.8Mi       1.7Gi       3.1Gi
Swap:          1.0Gi          0B       1.0Gi